53.128971919745 23.15390646988466 30 Legionowa
53.10541229013412 23.149001225843083 15 Stadion
53.16040979199116 23.098303432701613 10 Auchan
53.13488021583802 23.18904357440696 20 Mieszka
53.11680115586555 23.14659880005637 25 WIPB
53.11078223185699 23.21530421228315 20 Plaza
53.10487444859855 23.16632652000518 10 Krywlany
53.13629951557993 23.163818865565514 20 Jurowiecka
53.12376091023858 23.11932947378594 15 TunelNila
53.14698484676939 23.211628204990994 5 Wygoda
53.132292982026954 23.1356161845728 35 Dworzec
53.155144366358996 23.129272285703202 10 Dziesieciny
53.108712352176255 23.19139331026103 25 USK
53.12130517433073 23.138953549335053 30 Posterunek
53.125925905507025 23.148067209817988 15 Komenda
53.15703166453865 23.155651857523008 25 Straz
53.13249210596553 23.169774050354146 35 Hotel
53.129960835446624 23.114059898252776 5 Stawy
53.12257767416759 23.17920695155236 40 Galeria
53.09756589201271 23.12680128978747 30 Kleosin
