53.13013312030104 23.159393296340824 0 CENTRALA
53.10541229013412 23.149001225843083 15 Stadion
53.16040979199116 23.098303432701613 10 AuchanStary
53.11671105461694 23.126788898068153 20 Składowa
53.11680115586555 23.14659880005637 25 WIPB
53.11078223185699 23.21530421228315 20 Plaża
53.10487444859855 23.16632652000518 10 Krywlany
53.13124679617568 23.15494829745768 30 PNZS
53.13629951557993 23.163818865565514 20 Jurowiecka
53.12376091023858 23.11932947378594 15 TunelNila
53.14698484676939 23.211628204990994 5 Wygoda
53.132292982026954 23.1356161845728 35 Dworzec
53.155144366358996 23.129272285703202 10 Dziesieciny
53.108712352176255 23.19139331026103 25 USK
53.12130517433073 23.138953549335053 20 StrazGraniczna
53.125925905507025 23.148067209817988 15 KomendaMiejska
53.15703166453865 23.155651857523008 25 StrazPozarna
53.130752890428646 23.165364101825872 35 Palac
53.129960835446624 23.114059898252776 5 Stawy Marczukowskie
53.12257767416759 23.17920695155236 40 GaleriaBiala
